1 [21.954545378684998, 21.737216413021088, 23.745737969875336, 71.72229886054993]
2 [25.053265690803528, 30.208808183670044, 35.77911853790283, 83.41264128684998]
3 [26.616477966308594, 32.94247090816498, 40.254971385002136, 86.88565492630005]
4 [0.909090880304575, 0.909090880304575, 0.909090880304575, 0.909090880304575]
5 [0.909090880304575, 0.909090880304575, 0.909090880304575, 0.909090880304575]
6 [27.827414870262146, 36.46164834499359, 44.098010659217834, 89.85227346420288]
7 [0.909090880304575, 0.909090880304575, 0.909090880304575, 0.909090880304575]
8 [27.01278328895569, 35.499998927116394, 43.06960105895996, 89.91477489471436]
9 [0.909090880304575, 0.909090880304575, 0.909090880304575, 0.909090880304575]
10 [0.909090880304575, 0.909090880304575, 0.909090880304575, 0.909090880304575]




1 [21.81818187236786, 22.76633530855179, 26.41122043132782, 73.3203113079071]
2 [24.57173317670822, 30.447444319725037, 35.85227131843567, 83.88423323631287]
3 [27.306818962097168, 34.606534242630005, 40.95170497894287, 87.30539679527283]
4 [27.709516882896423, 35.539063811302185, 42.871448397636414, 87.60582208633423]
5 [27.1484375, 35.546875, 43.84374916553497, 89.57883715629578]
6 [27.039772272109985, 35.4041188955307, 45.64985930919647, 89.44886326789856]
7 [27.783381938934326, 35.72088181972504, 44.60440278053284, 89.99218940734863]
8 [29.650568962097168, 37.755683064460754, 46.904829144477844, 89.75496888160706]
9 [28.247159719467163, 37.41619288921356, 44.5419043302536, 89.9701714515686]
10 [26.776278018951416, 35.907670855522156, 44.49644982814789, 90.05468487739563]

